4 5
1 2 2
1 3 3
1 4 3
2 3 2
2 4 2

Visualisator 3
5 8
1 2 5
1 5 5
2 3 1
3 2 1
3 4 2
4 5 1
5 2 2
5 4 1
Ans 9

Visualisator 1
3 6
1 2 1
1 3 1
2 1 1 
2 3 2
3 1 1
3 2 2
Ans 2

Visualisator 5
7 12
1 2 5
1 5 5
2 3 1
3 2 1
3 4 2
4 5 1
4 7 5
5 2 2
5 4 1
5 6 9
6 7 1
7 6 2
Ans 16

Visualisator 4
7 12
1 2 5
1 5 5
2 3 1
3 2 1
3 4 2
4 5 1
4 7 10
5 2 2
5 4 1
5 6 9
6 7 2
7 6 2
Ans 20

Visualisator 2
4 7
1 2 2
2 1 2
2 3 1
3 2 1
3 4 1
4 2 1 
4 3 1
Ans 4























bad
3 4
2 3 1
3 1 8
1 3 4
3 2 4
// yes 8




































