100 1000
57 59 2
80 14 8
70 23 1
13 92 4
33 18 8
63 14 5
55 85 5
31 71 9
11 21 4
36 83 7
94 44 0
97 15 6
55 96 7
10 91 3
7 3 3
35 21 7
6 41 1
83 73 1
35 3 6
79 10 5
7 54 5
92 42 8
76 39 4
52 27 8
71 12 4
51 36 0
24 69 8
62 61 4
90 74 1
6 21 2
12 31 5
72 74 2
51 98 3
87 90 9
42 21 7
30 16 1
97 14 0
1 38 6
100 90 8
57 13 9
71 2 0
94 93 7
87 70 2
68 75 5
50 28 7
53 29 4
97 36 3
20 9 5
10 12 8
23 14 2
88 96 0
58 80 1
46 82 7
52 44 3
43 34 8
64 56 6
55 29 3
100 66 0
17 75 8
98 53 7
90 6 4
31 13 6
62 100 7
14 4 5
77 92 1
12 35 6
29 90 9
82 25 3
33 66 1
74 85 8
56 93 7
20 3 7
5 74 2
59 2 2
74 16 2
15 86 6
30 66 7
46 17 0
11 75 1
77 59 5
21 65 1
99 69 1
23 10 7
16 13 9
32 27 0
25 78 6
41 62 3
77 36 4
1 57 6
23 99 8
7 38 9
62 48 7
7 72 4
46 35 0
18 16 8
7 63 8
99 24 7
26 77 8
63 44 5
44 5 8
59 29 2
72 100 1
78 13 1
17 31 9
41 20 9
39 65 0
2 74 2
6 18 4
66 42 8
50 15 0
5 90 8
1 98 9
12 93 6
97 92 9
50 67 3
25 3 3
65 66 6
17 28 2
5 56 3
32 71 1
28 48 2
90 3 5
38 5 8
71 33 4
9 75 3
52 35 9
5 12 5
4 72 6
25 4 4
57 4 6
96 73 1
89 50 9
52 75 4
53 7 0
50 58 0
24 75 7
90 89 7
30 100 2
7 11 0
43 41 0
24 67 8
31 94 3
40 12 2
69 35 0
94 27 4
55 40 3
64 54 5
88 10 2
68 98 2
46 90 5
75 2 3
44 14 8
34 49 6
59 78 0
71 100 2
8 96 0
60 4 4
83 72 6
85 78 5
73 66 7
79 44 0
57 99 0
33 68 6
20 56 0
88 25 7
55 37 1
100 64 2
100 98 3
70 64 8
88 85 0
14 41 3
91 67 2
62 6 5
30 39 9
79 25 9
40 100 4
65 92 2
7 60 6
46 38 6
10 28 8
66 65 1
99 68 9
60 81 2
50 35 8
61 9 4
80 48 3
57 83 3
59 65 3
48 95 6
20 87 8
21 32 3
97 5 4
24 90 8
70 43 7
98 100 3
6 86 2
66 15 0
88 40 8
89 23 3
86 17 9
79 94 0
89 25 1
25 11 7
85 70 7
69 2 6
100 43 9
86 41 8
55 11 8
95 51 0
39 94 7
95 93 7
94 59 0
39 31 3
39 81 1
7 30 2
30 33 0
62 75 3
27 32 5
61 26 1
1 5 8
60 67 1
84 28 2
81 8 1
9 30 6
73 15 1
65 40 9
1 11 8
19 76 9
84 64 8
2 38 0
12 51 0
41 66 7
62 23 2
37 24 8
75 46 2
55 68 1
29 48 8
27 12 7
65 60 5
73 40 5
1 26 7
65 12 1
99 98 8
40 6 8
99 37 1
72 94 5
64 43 5
51 81 6
69 60 0
30 16 2
74 73 5
52 47 7
10 21 6
97 27 1
38 40 5
56 40 3
82 30 9
64 62 4
40 52 7
58 62 0
68 73 7
56 64 8
6 52 2
70 3 5
71 98 6
25 42 9
41 8 7
29 44 2
86 19 7
77 62 1
89 74 6
31 42 9
43 77 6
88 15 3
67 5 7
18 42 9
50 74 2
9 79 4
52 6 3
25 49 4
94 76 5
80 74 0
100 76 3
56 27 4
72 40 0
65 20 1
63 78 9
70 51 9
83 4 6
48 68 3
66 47 4
55 89 7
35 57 2
46 2 0
74 26 9
96 4 4
5 96 8
35 38 2
93 38 4
72 19 2
43 40 4
53 91 4
33 63 0
53 60 0
29 61 1
68 63 1
90 10 5
94 42 9
27 20 2
2 56 3
90 94 9
17 88 5
56 65 3
85 11 6
3 60 9
60 18 9
15 88 5
59 58 1
68 36 5
65 100 4
88 16 8
25 52 3
80 60 8
48 64 6
1 17 6
12 40 0
88 25 7
56 32 8
42 28 3
76 98 0
50 48 5
12 52 5
69 87 6
66 5 9
42 36 7
74 25 3
75 66 0
57 76 2
16 81 8
64 86 4
92 28 1
43 88 7
38 39 1
7 70 1
89 38 2
85 95 6
64 23 2
73 63 2
38 51 0
94 7 7
97 45 9
67 42 2
89 68 1
92 64 8
41 31 0
62 3 6
42 32 7
34 17 5
92 61 2
70 99 6
72 35 8
81 68 3
20 91 7
8 35 5
61 79 9
70 21 2
30 87 4
82 86 3
76 47 6
95 74 7
45 26 6
29 22 0
99 72 2
32 85 1
93 64 3
86 88 3
71 5 1
72 85 4
82 6 6
7 6 5
67 55 4
28 5 3
71 33 9
20 53 2
17 64 5
99 21 6
57 4 8
32 23 4
93 67 1
32 78 5
67 3 9
73 9 5
92 92 5
36 25 6
64 25 7
20 32 2
73 89 5
24 3 7
83 5 1
79 45 4
41 57 8
82 64 5
62 97 8
17 3 0
1 40 8
77 33 6
82 51 2
99 53 4
23 71 9
30 38 0
45 58 7
68 64 4
56 48 1
24 5 0
42 48 3
53 98 9
21 41 0
28 63 0
24 68 6
52 42 8
56 66 1
66 20 3
28 77 8
17 51 7
50 8 7
55 37 0
61 87 7
74 44 6
57 36 5
60 59 5
89 67 2
46 94 3
23 15 1
74 55 1
74 82 7
91 16 8
77 36 4
90 65 7
77 39 1
6 97 0
80 43 6
99 39 9
26 97 0
67 88 0
55 91 7
18 2 3
96 97 3
5 56 7
93 35 2
78 93 0
27 81 4
50 87 9
89 92 0
4 8 6
63 33 5
35 99 0
34 87 7
41 35 7
79 18 5
91 74 0
27 25 4
54 9 4
38 75 6
54 3 8
15 74 2
19 16 8
73 14 1
44 21 5
69 42 9
95 89 1
46 88 4
46 37 3
56 94 9
47 66 1
84 21 1
74 66 7
6 28 7
22 42 6
95 10 2
70 99 9
65 45 5
40 45 7
65 12 6
55 15 5
13 54 8
90 61 1
93 77 7
43 48 3
11 68 1
21 81 3
39 33 3
30 62 0
57 39 5
54 48 7
92 55 5
16 6 5
28 18 7
53 40 7
72 63 6
71 79 4
11 97 1
89 93 8
98 18 5
43 12 0
37 95 0
30 91 9
67 64 5
98 22 3
13 18 6
20 75 7
34 43 9
85 79 1
20 72 5
100 45 5
30 38 7
58 24 5
79 79 4
5 74 7
77 43 8
5 11 9
62 87 8
81 61 8
44 87 5
45 85 5
85 47 5
80 22 3
83 57 3
63 82 0
81 94 6
4 18 9
2 7 0
97 53 1
68 83 0
38 44 1
44 5 5
70 46 5
29 15 8
93 20 7
8 36 8
74 85 1
14 69 9
72 66 3
13 38 7
40 41 1
52 83 2
97 14 4
95 5 4
53 45 5
65 40 1
39 14 1
43 17 3
35 90 2
11 82 7
96 92 2
22 46 0
56 86 4
37 64 8
96 49 1
41 87 5
77 68 7
37 86 4
93 37 7
16 100 3
13 11 0
32 33 3
55 51 9
97 17 8
83 15 5
42 58 2
6 79 8
26 88 2
75 86 8
99 75 1
10 59 8
33 100 4
7 44 3
27 7 8
27 100 0
23 71 1
29 83 7
9 96 0
58 34 8
60 13 9
96 72 1
26 86 0
30 18 0
86 45 7
52 17 9
41 55 4
6 94 4
72 44 0
50 82 0
41 40 2
26 76 1
84 36 4
44 26 7
55 94 3
57 6 9
7 79 0
85 52 6
68 23 6
98 62 9
25 12 6
100 26 3
94 37 8
43 74 9
33 21 6
6 5 7
62 75 4
46 83 9
62 66 2
76 41 7
12 52 9
64 62 2
59 34 7
98 66 4
55 2 3
75 42 6
67 64 4
49 63 8
19 68 2
86 68 1
15 47 4
64 2 1
45 69 4
72 44 4
100 81 2
46 37 0
21 30 8
34 73 8
60 5 4
93 72 1
45 10 7
90 19 5
65 4 8
54 40 3
81 14 8
49 11 1
54 85 6
72 54 8
49 16 9
66 34 6
13 28 0
50 63 8
38 96 2
3 70 6
80 40 7
37 95 9
22 28 9
11 34 5
85 87 3
66 79 6
17 66 7
21 93 7
15 46 9
76 20 4
17 20 3
88 9 1
39 77 3
38 20 6
69 23 9
20 100 9
16 100 6
78 12 2
51 88 0
52 67 9
59 4 2
36 36 4
40 76 4
17 45 1
74 33 5
89 18 6
95 26 6
55 55 8
31 67 1
39 25 8
75 67 5
61 10 8
63 15 1
54 75 6
30 96 1
42 88 5
44 74 5
20 89 2
81 62 7
69 67 2
83 40 5
97 19 0
96 34 4
89 39 5
2 39 1
76 56 8
40 67 5
22 6 3
29 97 6
57 63 3
80 53 3
90 13 0
38 92 1
80 58 0
13 43 7
44 1 2
75 95 4
26 66 4
14 64 7
41 72 7
56 37 1
30 12 1
11 49 4
64 9 4
21 66 1
9 38 9
28 71 4
96 93 8
37 25 0
58 90 4
45 15 7
64 35 7
35 57 0
84 31 7
76 58 1
46 89 3
4 22 5
45 96 4
98 70 0
83 65 3
65 46 5
62 1 3
2 68 1
23 31 3
55 20 6
15 19 0
35 16 1
96 11 5
41 29 9
31 28 9
100 23 2
40 10 8
17 65 9
39 7 0
89 80 3
47 8 5
1 63 7
73 5 4
76 49 0
93 69 9
75 12 8
97 13 9
78 2 6
44 53 5
92 49 9
12 76 4
19 98 9
89 17 7
49 24 9
65 24 7
39 29 3
61 51 9
24 93 7
76 54 4
98 98 3
34 15 0
45 84 7
7 2 2
33 15 7
55 19 7
58 45 6
35 83 9
26 26 4
28 52 7
92 83 1
87 30 5
87 41 1
50 27 2
20 26 9
7 47 8
10 93 0
9 60 7
23 51 8
49 58 1
39 50 0
23 89 3
40 56 9
3 63 2
6 62 1
69 69 2
62 48 5
52 65 7
83 16 4
15 25 2
40 73 6
27 39 3
63 3 3
61 62 6
68 52 0
52 91 1
36 71 8
99 49 1
52 81 7
87 31 6
76 34 6
70 48 6
84 31 0
58 42 4
39 67 3
20 62 9
65 69 7
79 25 1
45 63 1
45 73 0
63 30 0
25 97 4
86 100 2
23 86 6
41 11 8
29 51 6
57 91 5
66 58 4
85 6 2
56 77 8
81 58 8
49 55 4
51 77 7
64 59 0
67 78 4
67 24 8
68 32 9
45 79 8
96 1 6
58 36 9
15 32 2
82 25 2
78 34 0
20 4 1
78 25 0
31 2 9
9 8 6
15 89 6
60 29 4
12 49 0
79 21 7
23 46 6
69 45 7
73 71 4
1 8 3
70 38 5
23 36 0
43 84 3
75 57 5
79 87 4
17 82 8
60 23 2
46 59 6
3 20 5
1 23 9
83 3 4
28 47 1
36 21 7
10 72 6
15 57 6
93 36 0
95 26 6
45 81 1
65 72 5
71 15 3
91 22 8
48 53 7
91 6 6
59 92 8
30 91 4
97 34 7
74 85 4
46 57 5
93 41 2
65 33 5
34 23 1
97 81 7
3 11 9
49 44 7
17 99 7
6 31 6
34 90 0
71 68 9
10 68 7
83 45 8
29 82 4
100 50 0
59 77 5
71 3 2
48 29 0
9 65 2
86 85 0
70 57 5
13 41 6
40 38 8
31 32 0
9 33 2
56 100 4
53 79 8
49 91 1
40 100 5
37 2 9
9 5 8
86 21 3
99 63 7
93 51 8
26 36 6
52 2 7
14 71 9
62 50 9
55 39 8
34 78 5
72 18 5
46 29 5
53 64 8
86 82 1
93 49 3
15 75 8
62 22 6
21 79 5
72 6 7
67 19 2
37 73 2
84 32 4
33 59 3
30 18 7
39 2 7
21 81 0
86 71 5
41 62 1
73 71 7
86 24 2
35 64 8
45 64 8
59 48 7
48 91 9
66 64 8
21 96 1
84 40 5
2 22 7
52 52 4
31 83 6
45 50 4
95 64 6
42 85 1
56 94 0
18 79 5
2 68 5
39 62 5
29 16 9
74 27 1
77 56 6
79 75 5
21 60 6
83 2 4
68 29 1
12 87 2
65 4 8
47 29 4
63 56 9
43 49 7
64 30 9
41 74 0
81 81 4
53 91 2
4 30 2
51 32 9
43 89 0
19 15 5
27 23 6
87 35 4
25 37 5
43 41 4
2 77 0
96 27 7
83 46 8
64 69 7
26 35 2
74 23 1
67 2 3
80 18 7
39 97 4
89 77 6
18 77 2
88 3 3
90 48 6
26 94 0
28 84 1
68 69 3
10 57 2
7 99 4
64 72 0
100 53 9
68 19 2
76 6 4
43 3 9
2 9 8
43 100 6
26 14 2
72 27 6
41 37 2
25 42 2
39 87 3
92 7 4
10 41 5
71 14 2
15 48 5
99 38 0
61 2 1
